id=MagickCache
qepth=16
class=T0ter
resolution=28.33x28.33‡pige=32x32+0+0
rendering-intent=Per
resolution=2olution=28seudoClass  colots=1  matte=e
columns=32  rows=32 depth=4
colorspace=sRGB
units=PixelsPerCentimeter
resolution=28.33x28.33
pige=32x32+0+0
rendering-intent=Peÿÿÿtmeter
resolution=28.33x28.33
pagary=0.0101539,6  green-primary=0.Ê0475436,0.00950872  blry=0.00235147,00000940586
white-poina=0.3127,
resolution=28.33x28.33«pige=32x32+0+0
renderinI-intent=Perceptmeter
resolution=28.9:53:17-08:00
dfy=2016-01-2

:fÌÌ